origin kv
1000 
13480.5     74.1     62.9    167.8    268.4   1342.2
18410.0     54.3     52.4    121.6    151.0    318.8
18259.2     54.8     46.1    130.0    176.2    973.1
17126.4     58.3     50.3    142.6    184.5    419.4
2000
20894.9     95.6     96.5    201.3    260.0    939.5
19956.1    100.1     96.5    201.3    285.2    771.8
3000
19767.1    151.4    151.0    302.0    419.4   3355.4
1500
19818.7     75.7     75.5    159.4    218.1    520.1
800
17951.3     44.6     39.8    100.7    130.0    453.0
16939.4     47.2     39.8    109.1    151.0    385.9
16969.6     47.1     39.8    109.1    142.6    570.4
16660.5     48.0     39.8    117.4    151.0    369.1
16632.4     48.1     39.8    117.4    151.0    453.0
900
18543.4     48.5     44.0    109.1    142.6    352.3
17276.0     52.1     46.1    117.4    176.2    419.4
17103.6     52.6     46.1    121.6    159.4    486.5
16671.2     54.0     46.1    130.0    184.5    536.9
700
15539.0     45.0     35.7    113.2    159.4    285.2
15717.1     44.5     35.7    109.1    151.0    486.5
15730.5     44.5     35.7    109.1    151.0    436.2
15466.9     45.2     33.6    113.2    176.2    385.9
600
14692.6     40.8     28.3    109.1    159.4    671.1
14920.1     40.2     28.3    104.9    142.6    419.4
500
14872.1     33.6     21.0     96.5    134.2    419.4
14432.2     34.6     23.1     96.5    125.8    260.0
400
12824.4     31.2     21.0     96.5    151.0    369.1
13669.7     29.2     18.9     88.1    121.6    352.3
12939.5     30.9     21.0     88.1    121.6    335.5
300
11768.9     25.5     13.1     83.9    109.1    302.0
12467.5     24.1     12.6     79.7    100.7    285.2
11661.2     25.7     14.2     83.9    121.6    318.8
200
9866.6     20.2      8.1     79.7    109.1    402.7
9161.5     21.8      8.9     79.7    151.0    570.4
10324.9     19.4      8.4     75.5    104.9    335.5
100
6476.9     15.4      5.0     71.3    100.7    352.3
7600.6     13.2      4.7     60.8     88.1    318.8
6531.2     15.3      5.0     71.3    100.7    302.0
7163.8     13.9      5.0     65.0     92.3    268.4
50
5045.5      9.9      4.1     41.9     79.7    285.2
4213.6     11.9      4.2     56.6     92.3    201.3
4454.5     11.2      4.2     52.4     83.9    251.7
2500
19835.6    125.8    121.6    251.7    369.1   1879.0







origin ycsb
100
7676.1     13.0     11.5     23.1    130.0   1275.1
7538.9     13.3     11.5     24.1    121.6   1610.6
1000
7925.6    125.4     24.1    453.0   1476.4  15569.3
500
7943.1     62.9     23.1    218.1    385.9   2415.9
50
7288.8      6.9      5.5     11.0     79.7    671.1
20
5520.2      3.6      2.2      5.2     60.8    419.4
5510.5      3.6      2.2      5.2     60.8    453.0
10
3031.9      3.3      2.2      5.0     54.5    335.5
3019.9      3.3      2.2      5.0     52.4    285.2
5
1549.3      3.2      2.4      5.0     46.1    302.0
1587.7      3.1      2.4      4.7     44.0    176.2
1569.6      3.2      2.4      5.0     44.0    209.7
15
4270.4      3.5      2.1      5.2     58.7    419.4
5685.5      2.6      2.1      4.7     24.1    268.4
5464.9      2.7      2.1      5.0     27.3    234.9
2
648.7      3.1      2.5      5.2     28.3    226.5
645.7      3.1      2.5      4.7     28.3    218.1
8
2549.2      3.1      2.2      4.7     48.2    226.5
2521.5      3.2      2.2      4.7     48.2    318.8
12
3736.3      3.2      2.1      4.7     52.4    335.5
3713.2      3.2      2.1      4.7     52.4    302.0
18
5271.1      3.4      2.1      5.0     56.6    285.2
5231.0      3.4      2.1      5.0     56.6    335.5
22
5671.9      3.9      2.2      5.2     65.0    570.4
6025.6      3.6      2.2      5.2     60.8    402.7
28
6596.2      4.2      2.8      5.8     62.9    385.9
6449.1      4.3      2.6      5.8     67.1    671.1
35
6950.3      5.0      3.4      7.1     71.3    503.3
40
7005.8      5.7      4.1      8.1     75.5    704.6
70
7300.2      9.6      8.1     16.8     88.1   1040.2
150
7665.3     19.6     18.9     41.9    117.4   1275.1
300
7742.5     38.7     21.0    117.4    243.3   2415.9
800
7797.4    102.4     22.0    419.4    805.3   3758.1































rls kv
1000
17323.2     57.7     48.2    142.6    192.9    570.4
18715.2     53.4     41.9    151.0    209.7    671.1
18660.4     53.5     44.0    142.6    209.7    604.0
1500
20275.8     73.9     71.3    167.8    234.9    637.5
20053.0     74.8     71.3    167.8    226.5    771.8
21162.6     70.8     71.3    151.0    209.7    805.3
2000
19655.5    101.7     92.3    226.5    402.7   2684.4
20591.1     97.1     88.1    243.3    369.1   1208.0
2500
20544.2    121.5    117.4    251.7    335.5   1040.2
3000
21178.6    141.5    142.6    302.0    436.2   1543.5
900
15879.2     56.7     44.0    151.0    234.9    838.9
17953.8     50.1     39.8    125.8    184.5    872.4
17275.5     52.1     46.1    125.8    176.2   1040.2
800
16950.6     47.2     37.7    117.4    176.2    469.8
14759.2     47.4     33.6    134.2    192.9    671.1
700
14444.0     48.4     33.6    142.6    201.3    805.3 
600
14080.9     42.6     35.7    109.1    159.4    503.3
600
15195.4     39.5     30.4    104.9    159.4    570.4
15228.7     39.4     28.3    109.1    159.4    385.9
15050.3     39.8     27.3    125.8    184.5    671.1
500
14911.3     33.5     22.0     96.5    130.0    520.1
15329.1     32.6     23.1     96.5    130.0    453.0
14206.4     35.2     23.1    109.1    176.2    604.0
400
12583.9     31.8     21.0     92.3    130.0    436.2
13023.9     30.7     17.8     96.5    134.2    738.2
300
11563.1     25.9     12.6     92.3    130.0    486.5
11283.2     26.6     12.6     88.1    117.4    469.8
200
10218.8     19.6      7.1     79.7    121.6    302.0
9861.2     20.3      7.1     79.7    113.2    335.5
9372.7     21.3      7.1     88.1    121.6    285.2
100
6596.3     15.2      4.5     65.0     92.3    335.5
6894.1     14.5      4.5     58.7    100.7    402.7
6323.4     15.8      4.5     71.3    100.7    318.8
50
3744.3     13.3      4.2     54.5     92.3    352.3
3832.8     13.0      4.2     50.3     96.5    436.2































rls ycsb
2
716.9      2.8      2.0      4.7     26.2    260.0
668.2      3.0      2.0      4.7     41.9    167.8
5
2140.5      2.3      1.8      4.2     22.0    285.2
8
3537.0      2.3      1.6      4.1     24.1    218.1
3503.5      2.3      1.6      4.1     25.2    184.5
10
4215.7      2.4      1.6      3.9     29.4    201.3
4221.2      2.4      1.6      3.9     27.3    402.7
12
5345.3      2.2      1.5      3.8     27.3    352.3
4722.3      2.5      1.6      3.9     33.6    285.2
15
6514.4      2.3      1.4      3.8     28.3    226.5
6756.2      2.2      1.4      3.7     26.2    302.0
18
7214.8      2.5      1.4      3.7     33.6    285.2
20
7748.7      2.6      1.4      3.9     35.7    352.3
8156.0      2.4      1.4      3.9     32.5    209.7
25
10299.5      2.4      1.4      3.9     32.5    369.1
9651.6      2.6      1.4      4.1     35.7    302.0
30
9849.8      3.0      1.4      5.2     50.3    402.7
11955.5      2.5      1.3      4.7     31.5    469.8
35
12262.1      2.9      1.4      4.5     46.1    302.0
12790.2      2.7      1.4      4.5     37.7    805.3
40
13516.0      3.0      1.4      5.5     46.1    352.3
14620.4      2.7      1.4      5.0     37.7    335.5
50
15102.0      3.3      1.4     11.0     52.4    637.5
14052.5      3.6      1.4      8.1     60.8    671.1
100
16765.1      6.0      1.6     18.9    104.9    838.9
16001.9      6.2      1.6     19.9    104.9    738.2
150
18977.4      7.9      2.0     22.0    117.4   1208.0
19792.4      7.6      2.0     21.0    109.1   1208.0









origin ycsb
2
664.4      3.0      2.0      4.5     46.1    234.9
5
1771.3      2.8      1.8      3.7     52.4    318.8
1633.1      3.1      1.8      3.8     71.3    352.3
8
3756.5      2.1      1.6      3.5     18.9    352.3
3587.8      2.2      1.6      3.4     31.5    218.1
10
5166.6      1.9      1.4      3.1     17.8    243.3
5115.1      2.0      1.5      3.4     19.9    234.9
12
6465.7      1.9      1.4      3.4     17.8    402.7
6304.7      1.9      1.4      3.3     17.8    226.5
15
7522.3      2.0      1.4      3.5     24.1    209.7
8386.7      1.8      1.4      3.7     17.8    335.5
18
9115.1      2.0      1.4      3.7     25.2    192.9
9295.1      1.9      1.3      3.4     23.1    243.3
20
10568.8      1.9      1.3      3.4     24.1    218.1
9237.5      2.2      1.3      3.4     29.4    436.2
25
13669.9      1.8      1.2      3.4     22.0    218.1
12470.6      2.0      1.3      3.5     28.3    218.1
30
11836.5      2.5      1.3      3.8     46.1    436.2
13775.2      2.2      1.3      3.5     31.5    369.1
35
15934.1      2.2      1.3      3.7     29.4    570.4
14807.4      2.4      1.3      3.7     35.7    369.1
40
17829.7      2.2      1.4      3.8     28.3    385.9
16775.1      2.4      1.4      4.1     32.5    436.2
50
18997.9      2.6      1.4      4.5     35.7    385.9
18838.1      2.7      1.4      4.5     35.7    704.6
100
20067.9      5.0      1.9     13.1     65.0    872.4
20208.4      4.9      1.8     12.1     67.1    872.4
150
22099.7      6.8      2.5     18.9     62.9   2013.3
22203.8      6.8      2.2     19.9     83.9   1677.7
200
21841.2      9.2      3.0     24.1     83.9   1879.0
23655.1      8.5      3.4     25.2     83.9   1140.9
300
25608.0     11.7      5.5     31.5     79.7   1409.3
24758.1     12.0      5.5     33.6     83.9   1744.8
400
23601.0     17.0      6.6     41.9    125.8   2684.4
22729.4     17.6      5.0     41.9    109.1   5637.1
500












